1.將換湯圓的問題mapping到max flow上

2.karen可以拿沒有重複的和別人換，但別人一定是拿自己重複的跟karen換

3. shortest path部分要算出家到所有點的距離，包括不在s->t path上的點


4.如果source和某個node之間沒有shortest path，請在short.txt輸出-1

5.最後其他人若有交換，最後新口味只會有一個，i.e.有了口味1就不再接受用口味1換

6. karen可以由2 1 1，和別人交換成1 1 2




case2:
initial flavor=5
K: 1 1 2 3 3 4 5 5 5 5 5 5-------0 0 1 2 2 3 4 4 4 4 4 4
F0: 1 1 1 4 4 4 5 5 6 6 8 9------0 0 0 3 3 3 4 4 5 5 7 8
F1: 1 3 5 5----------------------0 2 4 4
F2: 6----------------------------5
F3: 1 2 2 3 4 6 6 7 8 9 9 10-----0 1 1 2 3 5 5 6 7 8 8 9
F4: 1 1 1 6 6 7 7 8 10-----------0 0 0 5 5 6 6 7 9
F5: 8----------------------------7
F6: 6 6 8 10 10 10---------------5 5 7 9 9 9
